SEX	AGEGRP	YEAR	POP
1	1	1993	102934.2164
1	2	1993	116112.2216
1	3	1993	121927.6061
1	4	1993	129987.1347
1	5	1993	145854.6033
1	6	1993	147726.5767
1	7	1993	135554.4054
1	8	1993	122667.43
1	9	1993	117459.1251
1	10	1993	106301.9964
1	11	1993	93359.24752
1	12	1993	72971.86829
1	13	1993	54511.36726
1	14	1993	42013.76375
1	15	1993	32686.21371
1	16	1993	16580.53508
1	17	1993	8290.267542
1	18	1993	8290.267542
1	19	1993	0
2	1	1993	98011.2076
2	2	1993	110326.027
2	3	1993	116247.5722
2	4	1993	124405.4429
2	5	1993	144610.2117
2	6	1993	145573.1296
2	7	1993	134300.4577
2	8	1993	121547.4429
2	9	1993	116442.345
2	10	1993	103046.4583
2	11	1993	94526.66814
2	12	1993	73533.59933
2	13	1993	56603.13343
2	14	1993	47607.44429
2	15	1993	39641.21893
2	16	1993	24084.76141
2	17	1993	12042.38071
2	18	1993	12042.38071
2	19	1993	0
1	1	1994	103973.9559
1	2	1994	117285.0723
1	3	1994	123159.1981
1	4	1994	131300.1361
1	5	1994	147327.8821
1	6	1994	149218.7644
1	7	1994	136923.6418
1	8	1994	123906.495
1	9	1994	118645.5809
1	10	1994	107375.7539
1	11	1994	94302.27022
1	12	1994	73708.95786
1	13	1994	55061.98713
1	14	1994	42438.1452
1	15	1994	33016.37748
1	16	1994	16748.01524
1	17	1994	8374.007618
1	18	1994	8374.007618
1	19	1994	0
2	1	1994	99001.2198
2	2	1994	111440.4313
2	3	1994	117421.7901
2	4	1994	125662.0635
2	5	1994	146070.921
2	6	1994	147043.5653
2	7	1994	135657.028
2	8	1994	122775.1949
2	9	1994	117618.5303
2	10	1994	104087.3316
2	11	1994	95481.48297
2	12	1994	74276.36296
2	13	1994	57174.88225
2	14	1994	48088.32756
2	15	1994	40041.63529
2	16	1994	24328.04183
2	17	1994	12164.02092
2	18	1994	12164.02092
2	19	1994	0
1	1	1995	105024.1979
1	2	1995	118469.77
1	3	1995	124403.2304
1	4	1995	132626.4001
1	5	1995	148816.0425
1	6	1995	150726.0246
1	7	1995	138306.7089
1	8	1995	125158.0757
1	9	1995	119844.0211
1	10	1995	108460.3575
1	11	1995	95254.81841
1	12	1995	74453.49279
1	13	1995	55618.16882
1	14	1995	42866.81334
1	15	1995	33349.87624
1	16	1995	16917.18711
1	17	1995	8458.593554
1	18	1995	8458.593554
1	19	1995	0
2	1	1995	100001.2321
2	2	1995	112566.0922
2	3	1995	118607.8688
2	4	1995	126931.3773
2	5	1995	147546.3848
2	6	1995	148528.8538
2	7	1995	137027.301
2	8	1995	124015.3483
2	9	1995	118806.5963
2	10	1995	105138.7188
2	11	1995	96445.9424
2	12	1995	75026.62925
2	13	1995	57752.40632
2	14	1995	48574.06825
2	15	1995	40446.09625
2	16	1995	24573.77963
2	17	1995	12286.88981
2	18	1995	12286.88981
2	19	1995	0
1	1	1996	106085.0484
1	2	1996	119666.4344
1	3	1996	125659.8286
1	4	1996	133966.0607
1	5	1996	150319.2348
1	6	1996	152248.5097
1	7	1996	139703.7464
1	8	1996	126422.2987
1	9	1996	121054.5668
1	10	1996	109555.9167
1	11	1996	96216.98829
1	12	1996	75205.54828
1	13	1996	56179.96851
1	14	1996	43299.81145
1	15	1996	33686.74368
1	16	1996	17088.06779
1	17	1996	8544.033893
1	18	1996	8544.033893
1	19	1996	0
2	1	1996	101011.3456
2	2	1996	113703.1235
2	3	1996	119805.9281
2	4	1996	128213.5124
2	5	1996	149036.7523
2	6	1996	150029.1453
2	7	1996	138411.4151
2	8	1996	125268.0286
2	9	1996	120006.6629
2	10	1996	106200.7261
2	11	1996	97420.14384
2	12	1996	75784.47399
2	13	1996	58335.76396
2	14	1996	49064.7154
2	15	1996	40854.64268
2	16	1996	24821.99963
2	17	1996	12410.99981
2	18	1996	12410.99981
2	19	1996	0
1	1	1997	107156.6145
1	2	1997	120875.1862
1	3	1997	126929.1198
1	4	1997	135319.2532
1	5	1997	151837.611
1	6	1997	153786.3735
1	7	1997	141114.8953
1	8	1997	127699.2916
1	9	1997	122277.3402
1	10	1997	110662.5421
1	11	1997	97188.87706
1	12	1997	75965.20028
1	13	1997	56747.44294
1	14	1997	43737.18328
1	15	1997	34027.01382
1	16	1997	17260.67453
1	17	1997	8630.337265
1	18	1997	8630.337265
1	19	1997	0
2	1	1997	102031.6622
2	2	1997	114851.6399
2	3	1997	121016.089
2	4	1997	129508.5984
2	5	1997	150542.1741
2	6	1997	151544.5912
2	7	1997	139809.5102
2	8	1997	126533.3622
2	9	1997	121218.8514
2	10	1997	107273.4607
2	11	1997	98404.18569
2	12	1997	76549.97373
2	13	1997	58925.0141
2	14	1997	49560.31859
2	15	1997	41267.31584
2	16	1997	25072.72689
2	17	1997	12536.36345
2	18	1997	12536.36345
2	19	1997	0
1	1	1998	108239.0046
1	2	1998	122096.1477
1	3	1998	128211.2322
1	4	1998	136686.1144
1	5	1998	153371.3242
1	6	1998	155339.7712
1	7	1998	142540.2983
1	8	1998	128989.1835
1	9	1998	123512.4649
1	10	1998	111780.3455
1	11	1998	98170.58289
1	12	1998	76732.52553
1	13	1998	57320.64943
1	14	1998	44178.97301
1	15	1998	34370.72103
1	16	1998	17435.02478
1	17	1998	8717.512389
1	18	1998	8717.512389
1	19	1998	0
2	1	1998	103062.285
2	2	1998	116011.7574
2	3	1998	122238.4737
2	4	1998	130816.7661
2	5	1998	152062.8021
2	6	1998	153075.3446
2	7	1998	141221.7275
2	8	1998	127811.477
2	9	1998	122443.2843
2	10	1998	108357.031
2	11	1998	99398.16737
2	12	1998	77323.20579
2	13	1998	59520.21626
2	14	1998	50060.92787
2	15	1998	41684.15741
2	16	1998	25325.98676
2	17	1998	12662.99338
2	18	1998	12662.99338
2	19	1998	0
1	1	1999	109332.3279
1	2	1999	123329.4421
1	3	1999	129506.2951
1	4	1999	138066.7822
1	5	1999	154920.5295
1	6	1999	156908.8598
1	7	1999	143980.0993
1	8	1999	130292.1045
1	9	1999	124760.0655
1	10	1999	112909.4399
1	11	1999	99162.20494
1	12	1999	77507.60155
1	13	1999	57899.64589
1	14	1999	44625.22527
1	15	1999	34717.90003
1	16	1999	17611.13614
1	17	1999	8805.56807
1	18	1999	8805.56807
1	19	1999	0
2	1	1999	104103.3182
2	2	1999	117183.5934
2	3	1999	123473.2058
2	4	1999	132138.1475
2	5	1999	153598.79
2	6	1999	154621.5602
2	7	1999	142648.2096
2	8	1999	129102.502
2	9	1999	123680.0851
2	10	1999	109451.5465
2	11	1999	100402.1893
2	12	1999	78104.24827
2	13	1999	60121.43057
2	14	1999	50566.5938
2	15	1999	42105.2095
2	16	1999	25581.80481
2	17	1999	12790.90241
2	18	1999	12790.90241
2	19	1999	0
1	1	2000	110436.6948
1	2	2000	124575.1941
1	3	2000	130814.4395
1	4	2000	139461.3962
1	5	2000	156485.3833
1	6	2000	158493.7977
1	7	2000	145434.4437
1	8	2000	131608.1864
1	9	2000	126020.2682
1	10	2000	114049.9393
1	11	2000	100163.8434
1	12	2000	78290.50662
1	13	2000	58484.4908
1	14	2000	45075.98512
1	15	2000	35068.58589
1	16	2000	17789.0264
1	17	2000	8894.513202
1	18	2000	8894.513202
1	19	2000	0
2	1	2000	105154.8669
2	2	2000	118367.266
2	3	2000	124720.4099
2	4	2000	133472.8763
2	5	2000	155150.2929
2	6	2000	156183.3942
2	7	2000	144089.1006
2	8	2000	130406.5677
2	9	2000	124929.3789
2	10	2000	110557.1177
2	11	2000	101416.3528
2	12	2000	78893.18007
2	13	2000	60728.71774
2	14	2000	51077.36748
2	15	2000	42530.51465
2	16	2000	25840.20688
2	17	2000	12920.10344
2	18	2000	12920.10344
2	19	2000	0
1	1	2001	111552.217
1	2	2001	125833.5294
1	3	2001	132135.7975
1	4	2001	140870.0971
1	5	2001	158066.0438
1	6	2001	160094.7452
1	7	2001	146903.4785
1	8	2001	132937.562
1	9	2001	127293.2002
1	10	2001	115201.9589
1	11	2001	101175.5994
1	12	2001	79081.31981
1	13	2001	59075.24323
1	14	2001	45531.2981
1	15	2001	35422.81403
1	16	2001	17968.71354
1	17	2001	8984.35677
1	18	2001	8984.35677
1	19	2001	0
2	1	2001	106217.0373
2	2	2001	119562.895
2	3	2001	125980.212
2	4	2001	134821.0872
2	5	2001	156717.4676
2	6	2001	157761.0042
2	7	2001	145544.5461
2	8	2001	131723.8058
2	9	2001	126191.2918
2	10	2001	111673.8562
2	11	2001	102440.7604
2	12	2001	79690.08088
2	13	2001	61342.13913
2	14	2001	51593.30048
2	15	2001	42960.11581
2	16	2001	26101.21907
2	17	2001	13050.60953
2	18	2001	13050.60953
2	19	2001	0
1	1	2002	112679.0071
1	2	2002	127104.5751
1	3	2002	133470.5025
1	4	2002	142293.0274
1	5	2002	159662.6705
1	6	2002	161711.8638
1	7	2002	148387.352
1	8	2002	134280.3656
1	9	2002	128578.9901
1	10	2002	116365.6151
1	11	2002	102197.5751
1	12	2002	79880.12102
1	13	2002	59671.96286
1	14	2002	45991.2102
1	15	2002	35780.62023
1	16	2002	18150.2157
1	17	2002	9075.107848
1	18	2002	9075.107848
1	19	2002	0
2	1	2002	107289.9366
2	2	2002	120770.601
2	3	2002	127252.7394
2	4	2002	136182.9163
2	5	2002	158300.4723
2	6	2002	159354.5497
2	7	2002	147014.693
2	8	2002	133054.3493
2	9	2002	127465.9513
2	10	2002	112801.875
2	11	2002	103475.5155
2	12	2002	80495.03119
2	13	2002	61961.7567
2	14	2002	52114.44493
2	15	2002	43394.05637
2	16	2002	26364.86775
2	17	2002	13182.43387
2	18	2002	13182.43387
2	19	2002	0
1	1	2003	113817.1788
1	2	2003	128388.4597
1	3	2003	134818.6894
1	4	2003	143730.3307
1	5	2003	161275.4247
1	6	2003	163345.317
1	7	2003	149886.2142
1	8	2003	135636.733
1	9	2003	129877.7678
1	10	2003	117541.0253
1	11	2003	103229.8739
1	12	2003	80686.99093
1	13	2003	60274.70996
1	14	2003	46455.76788
1	15	2003	36142.04064
1	16	2003	18333.55121
1	17	2003	9166.775604
1	18	2003	9166.775604
1	19	2003	0
2	1	2003	108373.6734
2	2	2003	121990.5061
2	3	2003	128538.1206
2	4	2003	137558.5013
2	5	2003	159899.467
2	6	2003	160964.1916
2	7	2003	148499.6899
2	8	2003	134398.3326
2	9	2003	128753.4862
2	10	2003	113941.2878
2	11	2003	104520.7228
2	12	2003	81308.11231
2	13	2003	62587.63303
2	14	2003	52640.85347
2	15	2003	43832.38017
2	16	2003	26631.17954
2	17	2003	13315.58977
2	18	2003	13315.58977
2	19	2003	0
1	1	2004	114966.8473
1	2	2004	129685.3128
1	3	2004	136180.4944
1	4	2004	145182.1522
1	5	2004	162904.4694
1	6	2004	164995.2697
1	7	2004	151400.2163
1	8	2004	137006.801
1	9	2004	131189.6644
1	10	2004	118728.3084
1	11	2004	104272.5999
1	12	2004	81502.01104
1	13	2004	60883.54541
1	14	2004	46925.01806
1	15	2004	36507.11176
1	16	2004	18518.73859
1	17	2004	9259.369297
1	18	2004	9259.369297
1	19	2004	0
2	1	2004	109468.3569
2	2	2004	123222.7334
2	3	2004	129836.4854
2	4	2004	138947.9812
2	5	2004	161514.6131
2	6	2004	162590.0925
2	7	2004	149999.6868
2	8	2004	135755.8915
2	9	2004	130054.0265
2	10	2004	115092.2099
2	11	2004	105576.4877
2	12	2004	82129.40638
2	13	2004	63219.83135
2	14	2004	53172.57926
2	15	2004	44275.13149
2	16	2004	26900.18136
2	17	2004	13450.09068
2	18	2004	13450.09068
2	19	2004	0
1	1	2005	116128.1286
1	2	2005	130995.2655
1	3	2005	137556.0549
1	4	2005	146648.6386
1	5	2005	164549.9691
1	6	2005	166661.8886
1	7	2005	152929.5115
1	8	2005	138390.7081
1	9	2005	132514.8125
1	10	2005	119927.5843
1	11	2005	105325.8584
1	12	2005	82325.26368
1	13	2005	61498.53072
1	14	2005	47399.00814
1	15	2005	36875.87046
1	16	2005	18705.79656
1	17	2005	9352.89828
1	18	2005	9352.89828
1	19	2005	0
2	1	2005	110574.0979
2	2	2005	124467.4075
2	3	2005	131147.9651
2	4	2005	140351.4961
2	5	2005	163146.0739
2	6	2005	164232.4167
2	7	2005	151514.8351
2	8	2005	137127.1631
2	9	2005	131367.7035
2	10	2005	116254.7575
2	11	2005	106642.9168
2	12	2005	82958.99634
2	13	2005	63858.4155
2	14	2005	53709.67602
2	15	2005	44722.35504
2	16	2005	27171.90036
2	17	2005	13585.95018
2	18	2005	13585.95018
2	19	2005	0
1	1	2006	117301.14
1	2	2006	132318.45
1	3	2006	138945.51
1	4	2006	148129.938
1	5	2006	166212.09
1	6	2006	168345.342
1	7	2006	154474.254
1	8	2006	139788.594
1	9	2006	133853.346
1	10	2006	121138.974
1	11	2006	106389.756
1	12	2006	83156.832
1	13	2006	62119.728
1	14	2006	47877.786
1	15	2006	37248.354
1	16	2006	18894.744
1	17	2006	9447.372
1	18	2006	9447.372
1	19	2006	0
2	1	2006	111691.008
2	2	2006	125724.654
2	3	2006	132472.692
2	4	2006	141769.188
2	5	2006	164794.014
2	6	2006	165891.33
2	7	2006	153045.288
2	8	2006	138512.286
2	9	2006	132694.65
2	10	2006	117429.048
2	11	2006	107720.118
2	12	2006	83796.966
2	13	2006	64503.45
2	14	2006	54252.198
2	15	2006	45174.096
2	16	2006	27446.364
2	17	2006	13723.182
2	18	2006	13723.182
2	19	2006	0
1	1	2007	118486
1	2	2007	133655
1	3	2007	140349
1	4	2007	149626.2
1	5	2007	167891
1	6	2007	170045.8
1	7	2007	156034.6
1	8	2007	141200.6
1	9	2007	135205.4
1	10	2007	122362.6
1	11	2007	107464.4
1	12	2007	83996.8
1	13	2007	62747.2
1	14	2007	48361.4
1	15	2007	37624.6
1	16	2007	19085.6
1	17	2007	9542.8
1	18	2007	9542.8
1	19	2007	0
2	1	2007	112819.2
2	2	2007	126994.6
2	3	2007	133810.8
2	4	2007	143201.2
2	5	2007	166458.6
2	6	2007	167567
2	7	2007	154591.2
2	8	2007	139911.4
2	9	2007	134035
2	10	2007	118615.2
2	11	2007	108808.2
2	12	2007	84643.4
2	13	2007	65155
2	14	2007	54800.2
2	15	2007	45630.4
2	16	2007	27723.6
2	17	2007	13861.8
2	18	2007	13861.8
2	19	2007	0
